    unsorted:	 61.68502775 61.68502775 61.68507399 61.68509070 61.68512375 61.68517611 61.68522566 61.68524212 61.68500454 61.68531003 61.68535386 61.68486034 61.68551322 61.68556049 61.68584961 61.68588488 61.68628758 61.68636982 61.68650426 61.68655469 61.68419759 61.68682268 61.68720406 61.68246352 61.68038621 61.67872828 61.67320625 61.66805202 61.66066036 61.64748982 61.63783397 61.61674473 61.60135544 61.56013836 61.53585174 61.45636639 61.42844083 61.34039854 61.30204728 61.98849325 61.22717119 61.11914481 61.07757845 60.90707641 60.86987479 60.67866408 60.69795019 60.56570392 60.58191386 60.54556908 62.83923776 59.72371916 56.99655172 56.28607419 55.68895866 67.16735251 54.13357028 51.76235029 46.73963389 45.01290178 38.38446928 88.65284319 267.0910025 583.3201253 553.5904174 934.8916239 924.5672629 992.8918598 1269.260204 1658.744593 1770.108047 1911.330073 2249.116295 2650.725233 3209.200518 3669.763067 4188.174965 4547.913566 5412.501295 5460.208624 5779.854766 6607.693306 7605.602733 10981.83720 11116.91061 12637.67829 13730.06791 15352.99753 21762.72483 25584.41993 32835.73354 45732.92756 77067.94097 2464090.092 2463826.928 2464335.072 2463550.377 2463295.055 2464824.537 2465218.832 2465423.508 2465688.200 2462988.263 2466013.096 2466250.998 2466498.503 2462597.663 2466936.076 2467204.859 2461971.768 2461262.638 2460183.213 2459275.189 2458284.396 2471516.212 2455932.374 2491014.056 2497227.726 2501307.152 2508346.238 2521631.377 2538371.499 157222.4088 2560756.233 2596913.371 2606095.542 2617531.710 2641072.328 224953.9907 2677695.548 2694997.809 2717266.144 2735193.041 2746096.159 2770222.950 2789556.283 2819332.496 2851795.184 2860425.641 2874400.880 697132.6558 61.68502775
      sorted:	 38.38446928 45.01290178 46.73963389 51.76235029 54.13357028 55.68895866 56.28607419 56.99655172 59.72371916 60.54556908 60.56570392 60.58191386 60.67866408 60.69795019 60.86987479 60.90707641 61.07757845 61.11914481 61.22717119 61.30204728 61.34039854 61.42844083 61.45636639 61.53585174 61.56013836 61.60135544 61.61674473 61.63783397 61.64748982 61.66066036 61.66805202 61.67320625 61.67872828 61.68038621 61.68246352 61.68419759 61.68486034 61.68500454 61.68502775 61.68502775 61.68502775 61.68507399 61.68509070 61.68512375 61.68517611 61.68522566 61.68524212 61.68531003 61.68535386 61.68551322 61.68556049 61.68584961 61.68588488 61.68628758 61.68636982 61.68650426 61.68655469 61.68682268 61.68720406 61.98849325 62.83923776 67.16735251 88.65284319 267.0910025 553.5904174 583.3201253 924.5672629 934.8916239 992.8918598 1269.260204 1658.744593 1770.108047 1911.330073 2249.116295 2650.725233 3209.200518 3669.763067 4188.174965 4547.913566 5412.501295 5460.208624 5779.854766 6607.693306 7605.602733 10981.83720 11116.91061 12637.67829 13730.06791 15352.99753 21762.72483 25584.41993 32835.73354 45732.92756 77067.94097 157222.4088 224953.9907 697132.6558 2455932.374 2458284.396 2459275.189 2460183.213 2461262.638 2461971.768 2462597.663 2462988.263 2463295.055 2463550.377 2463826.928 2464090.092 2464335.072 2464824.537 2465218.832 2465423.508 2465688.200 2466013.096 2466250.998 2466498.503 2466936.076 2467204.859 2471516.212 2491014.056 2497227.726 2501307.152 2508346.238 2521631.377 2538371.499 2560756.233 2596913.371 2606095.542 2617531.710 2641072.328 2677695.548 2694997.809 2717266.144 2735193.041 2746096.159 2770222.950 2789556.283 2819332.496 2851795.184 2860425.641 2874400.880
